[INFO] [1695042560.863367]: switching to calibration algorithm OpenCV/Daniilidis
[INFO] [1695042444.703597]: Computed calibration:
[[-0.64808373 -0.67867345 -0.34552832  0.21428069]
 [ 0.74601727 -0.47452561 -0.46720838  0.44379646]
 [ 0.15311989 -0.56056025  0.81383445 -0.06805542]
 [ 0.          0.          0.          1.        ]]
[INFO] [1695042450.715507]: switching to calibration algorithm OpenCV/Horaud
[INFO] [1695042453.548102]: Computed calibration:
[[ 7.95975471e-02 -9.36298052e-01 -3.42067520e-01  1.83368226e-01]
 [ 9.85044431e-01  2.12749907e-02  1.70981998e-01 -7.69979626e-02]
 [-1.52812629e-01 -3.50561453e-01  9.23988619e-01 -2.73185831e-04]
 [ 0.00000000e+00  0.00000000e+00  0.00000000e+00  1.00000000e+00]]
[INFO] [1695042458.595989]: switching to calibration algorithm OpenCV/Park
[INFO] [1695042460.556956]: Computed calibration:
[[ 0.08639842 -0.93452802 -0.34524295  0.18303574]
 [ 0.9841429   0.02617415  0.17543562 -0.07978193]
 [-0.15491306 -0.35492576  0.92197052  0.00143184]
 [ 0.          0.          0.          1.        ]]
[INFO] [1695042466.595759]: OpenCV backend calibrating with algorithm Tsai-Lenz
[INFO] [1695042466.605960]: Computed calibration:
[[ 0.55368963 -0.78611585 -0.27468103  0.07813463]
 [ 0.83266908  0.52642372  0.17187285 -0.2137317 ]
 [ 0.00948664 -0.32388261  0.94604971  0.05319862]
 [ 0.          0.          0.          1.        ]]
[INFO] [1695042472.986448]: OpenCV backend calibrating with algorithm Andreff
[INFO] [1695042472.998780]: Computed calibration:
[[ 0.08590873 -0.93415027 -0.34638558  0.14249115]
 [ 0.98431769  0.02581511  0.17450579 -0.05788882]
 [-0.15407265 -0.35594503  0.92171837  0.08104993]
 [ 0.          0.          0.          1.        ]]
[INFO] [1695042543.023874]: OpenCV backend calibrating with algorithm Andreff
[INFO] [1695042543.036169]: Computed calibration:
[[ 0.08663747 -0.93477602 -0.34451087  0.13749177]
 [ 0.98444795  0.02728122  0.17354532 -0.05378682]
 [-0.15282732 -0.35418854  0.92260191  0.0885552 ]
 [ 0.          0.          0.          1.        ]]
[INFO] [1695042544.423814]: switching to calibration algorithm OpenCV/Tsai-Lenz
[INFO] [1695042548.542435]: Computed calibration:
[[ 0.5364524  -0.80047223 -0.2673257   0.07992737]
 [ 0.843653    0.50053673  0.1941973  -0.21106306]
 [-0.02164321 -0.32970774  0.94383493  0.04804521]
 [ 0.          0.          0.          1.        ]]
[INFO] [1695042550.359277]: switching to calibration algorithm OpenCV/Park
[INFO] [1695042553.935164]: Computed calibration:
[[ 8.69253180e-02 -9.35264425e-01 -3.43109960e-01  1.81906491e-01]
 [ 9.84272840e-01  2.74606242e-02  1.74507568e-01 -7.87934569e-02]
 [-1.53788707e-01 -3.52882940e-01  9.22942395e-01 -9.02342043e-04]
 [ 0.00000000e+00  0.00000000e+00  0.00000000e+00  1.00000000e+00]]
[INFO] [1695042555.687378]: switching to calibration algorithm OpenCV/Horaud
[INFO] [1695042559.055424]: Computed calibration:
[[ 0.08013885 -0.93715333 -0.33959004  0.182246  ]
 [ 0.98541201  0.02317079  0.16860094 -0.07568848]
 [-0.15013637 -0.34814759  0.92533903 -0.00288067]
 [ 0.          0.          0.          1.        ]]
[INFO] [1695042560.863367]: switching to calibration algorithm OpenCV/Daniilidis
[INFO] [1695042564.486544]: Computed calibration:
[[-0.58601747 -0.72284274 -0.36617196  0.23181917]
 [ 0.80276357 -0.4564239  -0.38372892  0.36084467]
 [ 0.11024603 -0.51882136  0.84774419 -0.09427321]
 [ 0.          0.          0.          1.        ]]
