[INFO] [1695042458.595989]: switching to calibration algorithm OpenCV/Park
[INFO] [1695042460.556956]: Computed calibration:
[[ 0.08639842 -0.93452802 -0.34524295  0.18303574]
 [ 0.9841429   0.02617415  0.17543562 -0.07978193]
 [-0.15491306 -0.35492576  0.92197052  0.00143184]
 [ 0.          0.          0.          1.        ]]
[INFO] [1695133693.338789]: OpenCV backend calibrating with algorithm Daniilidis
[INFO] [1695133693.353078]: Computed calibration:
[[ 0.01760351 -0.92030831 -0.39079756  0.23694833]
 [ 0.99467737 -0.02356805  0.10030688 -0.01200825]
 [-0.10152359 -0.39048324  0.91499497  0.01027514]
 [ 0.          0.          0.          1.        ]]
[INFO] [1695133707.602130]: switching to calibration algorithm OpenCV/Horaud
[INFO] [1695133709.309798]: Computed calibration:
[[ 0.06321771 -0.9263225  -0.37138949  0.22019881]
 [ 0.99119625  0.01489889  0.13155995 -0.0531945 ]
 [-0.11633365 -0.37643679  0.91910926  0.01199691]
 [ 0.          0.          0.          1.        ]]
[INFO] [1695133719.905679]: switching to calibration algorithm OpenCV/Park
[INFO] [1695133725.146589]: Computed calibration:
[[ 0.06309159 -0.92667035 -0.37054219  0.22001184]
 [ 0.99108609  0.0145237   0.13242896 -0.05348102]
 [-0.11733635 -0.37559436  0.91932641  0.0118598 ]
 [ 0.          0.          0.          1.        ]]
[INFO] [1695133753.688155]: OpenCV backend calibrating with algorithm Tsai-Lenz
[INFO] [1695133753.696955]: Computed calibration:
[[ 0.08721307 -0.92451661 -0.37102954  0.21522207]
 [ 0.98950061  0.03730621  0.13963088 -0.06567368]
 [-0.11524937 -0.3793116   0.91806334  0.01243403]
 [ 0.          0.          0.          1.        ]]
[INFO] [1695133756.288324]: switching to calibration algorithm OpenCV/Andreff
[INFO] [1695133759.658138]: Computed calibration:
[[ 0.06068566 -0.92662564 -0.37105548  0.14691128]
 [ 0.99134545  0.01259779  0.13067324 -0.02637471]
 [-0.1164107  -0.37577415  0.91937062  0.13561712]
 [ 0.          0.          0.          1.        ]]
