[INFO] [1694511327.186693]: OpenCV backend calibrating with algorithm Tsai-Lenz
[INFO] [1694511327.198156]: Computed calibration:
[[ 0.05197603 -0.9985706   0.01245963  0.1380336 ]
 [ 0.98099311  0.05338882  0.18655337 -0.08342276]
 [-0.18695192  0.00252651  0.98236582  0.0796273 ]
 [ 0.          0.          0.          1.        ]]
[INFO] [1694511340.392745]: switching to calibration algorithm OpenCV/Andreff
[INFO] [1694511351.363121]: Computed calibration:
[[-2.87428642e-04 -9.99954700e-01  9.51390989e-03  9.43678279e-02]
 [ 9.87260185e-01  1.23004174e-03  1.59109440e-01 -8.91854198e-04]
 [-1.59113935e-01  9.43843705e-03  9.87215109e-01  2.70237056e-01]
 [ 0.00000000e+00  0.00000000e+00  0.00000000e+00  1.00000000e+00]]
[INFO] [1694511354.937499]: switching to calibration algorithm OpenCV/Park
[INFO] [1694511358.930144]: Computed calibration:
[[ 0.02720626 -0.99954682  0.01288343  0.14193123]
 [ 0.98477616  0.0290133   0.17138887 -0.07111375]
 [-0.17168499  0.00802444  0.98511922  0.07800546]
 [ 0.          0.          0.          1.        ]]
[INFO] [1694511363.866620]: switching to calibration algorithm OpenCV/Horaud
[INFO] [1694511367.379308]: Computing from 16 poses...
[INFO] [1694511367.383445]: Computed calibration:
[[ 0.02583816 -0.99958781  0.012514    0.14214873]
 [ 0.98471024  0.02760688  0.17199882 -0.07069426]
 [-0.1722734   0.00787853  0.98501767  0.07813663]
 [ 0.          0.          0.          1.        ]]
[INFO] [1694511384.871607]: switching to calibration algorithm OpenCV/Daniilidis
[INFO] [1694511387.730334]: Computing from 16 poses...
[INFO] [1694511387.734468]: Computed calibration:
[[ 0.02055555 -0.9997352   0.01034433  0.13308326]
 [ 0.98554231  0.02200199  0.16799482 -0.07354229]
 [-0.16817793  0.00674155  0.9857336   0.06196139]
 [ 0.          0.          0.          1.        ]]

[INFO] [1694524837.021226]: Computed calibration:
[[ 0.40050447 -0.91191516  0.08948131  0.04719323]
 [ 0.87291558  0.40941171  0.26533081 -0.18569757]
 [-0.27859389 -0.02815655  0.95999617  0.09359513]
 [ 0.          0.          0.          1.        ]]
[INFO] [1694524841.735515]: switching to calibration algorithm OpenCV/Andreff
[INFO] [1694524846.803668]: Computed calibration:
[[ 0.0021272  -0.99969473  0.02461529  0.10363037]
 [ 0.98790438  0.00591745  0.15495132 -0.04755987]
 [-0.15504968  0.02398794  0.9876154   0.11436577]
 [ 0.          0.          0.          1.        ]]
[INFO] [1694524849.446232]: switching to calibration algorithm OpenCV/Daniilidis
[INFO] [1694524854.693973]: Computed calibration:
[[-0.28305791 -0.95909143  0.00467343  0.1575741 ]
 [ 0.95685601 -0.2827248  -0.06703177  0.06134742]
 [ 0.06561089 -0.01450207  0.9977399   0.03143014]
 [ 0.          0.          0.          1.        ]]
[INFO] [1694524857.085768]: switching to calibration algorithm OpenCV/Horaud
[INFO] [1694524862.829097]: Computed calibration:
[[-0.00203015 -0.99962305  0.0273795   0.10192082]
 [ 0.98817573  0.00219223  0.15330989 -0.06601665]
 [-0.15331213  0.027367    0.98779878  0.02131307]
 [ 0.          0.          0.          1.        ]]
[INFO] [1694524866.565381]: switching to calibration algorithm OpenCV/Park
[INFO] [1694524870.951872]: Computed calibration:
[[ 0.00421795 -0.99968107  0.02489907  0.10138223]
 [ 0.98755386  0.00807902  0.15707357 -0.06831654]
 [-0.15722464  0.02392665  0.98727298  0.02208811]
 [ 0.          0.          0.          1.        ]]
