translation:
  x: -434.567383561
  y: 456.191957308
  z: -6.84687445028
rotation:
  x: -0.000254769842213
  y: 3.71132944763e-05
  z: 6.50702510366e-05
  w: 0.99999996474
